,nombre,direccion
0,Misty Oneal,"46515 Amanda Vista Suite 515
Leeview, MT 01148"
1,Steven Martin,"PSC 7831, Box 4573
APO AP 96216"
2,Mary Yates,"87371 Danny Meadows Suite 171
Bethside, KS 51458"
3,Dawn Harrell,"1218 Becky Valleys Apt. 351
Dixonchester, CA 02790"
4,Christopher Porter,"8523 Clarke Mountain Apt. 746
Edwardsmouth, CO 06464"
5,Ryan Wolfe,"9719 Victoria Lake Suite 919
Port Markmouth, SD 68617"
6,Jenny Townsend,"201 Stephanie Shoals
Marshallstad, PA 57367"
7,Ian Romero,"4958 Ward Village
Hartberg, NC 05601"
8,Nicholas Miller,"5956 Nguyen Freeway Apt. 390
East Robinmouth, GU 14133"
9,Rebecca Ho,"357 Daniel Circle Apt. 844
Rebeccaside, NY 63907"
10,Julie Wilson,"97841 Powell River
North Keith, CO 42772"
11,Donald Watkins,"1291 Melissa Brooks
East Taraton, AS 71094"
12,John Daniels,"4541 Brooks Squares
Port Julieton, OR 73674"
13,George Villarreal,"731 Carey Freeway
West Davidhaven, MH 90535"
14,Kelly Warner,"1954 Velasquez Points Suite 475
South Kimberly, IL 28851"
15,Taylor Ray,"44243 Williams Dale
Juliaside, PA 15113"
16,Rebecca Watson,"45062 Brown Highway
Port Matthewmouth, VT 62019"
17,Angela Rowe,"191 Wilson Pines Apt. 740
New Rhonda, IN 91958"
18,Brittany Ball,"04920 Green Mission Suite 809
Lake Tylertown, IN 80398"
19,Paul Hernandez,"735 Warner Spring
Lake Lauraton, MN 74961"
20,Katie Thomas,"483 Brett Island
West Jesus, MS 84812"
21,Robert Hicks,"1464 Erica Landing Apt. 694
Pattersonland, CT 26610"
22,Rachel Roberson,"008 Jesse Plaza Apt. 943
Millerchester, MS 18705"
23,Kelsey Carson,"83799 Bradley Springs Suite 729
New Shannonbury, LA 85433"
24,Nathaniel Bradford,"9386 Daniel Estates Suite 644
West Monica, KY 45940"
25,John Stevens,"922 James Spur Apt. 117
Ortizhaven, NY 81754"
26,Briana Fox,"956 Norton Creek Suite 193
Lake Anthony, HI 72847"
27,Angela Jenkins,"81483 Daniel Mountain
Timothybury, WY 24545"
28,Stacey Ramirez,"66792 Ashley Harbor Apt. 886
Mcleanshire, MD 52611"
29,Jessica Macdonald,"41461 Cortez Hollow Suite 683
South Christychester, DC 69320"
30,Jennifer Rodriguez,"680 Hughes Ville
New Loriberg, DE 56833"
31,Brandon Hart,"16774 Teresa Isle Apt. 495
Debbieberg, DC 46348"
32,Jennifer Green,"371 Eric Greens
Nicolemouth, VT 14287"
33,Melissa Landry,"5906 Bobby Forges Suite 912
North Angelaside, AR 91653"
34,Connie Bailey,"22540 Rachel Mission
Taylortown, NC 44018"
35,Bradley Brown,"09228 Jared Lights Apt. 774
Sharptown, NC 69291"
36,Paula Mendoza,"3354 Mccarthy Mountain Suite 080
Jessicatown, NC 97781"
37,Connie Maldonado,"41057 Cole Station
Parksburgh, GU 44137"
38,Chelsea Johnson,"304 White Squares Apt. 692
West Jonathan, CO 79462"
39,Jesus Doyle,"299 Mendoza Curve Suite 290
Powellland, AL 94339"
40,Jacqueline Bennett,"2454 Guerrero Port
West Jasonshire, WV 28840"
41,Scott Owens,"18092 James Ramp Suite 890
Ellismouth, DC 35967"
42,Douglas Mccormick,"497 Amy Fort
New Jessica, FL 54800"
43,Autumn Lyons,"6935 Ortega Port Apt. 685
Shawnstad, HI 43507"
44,Abigail Douglas,"2410 Renee Mountain
New Frank, AL 13538"
45,Kaitlin Dominguez,"Unit 4720 Box 4060
DPO AA 40045"
46,Carlos Cox,"14788 Taylor Lane Suite 878
Lake Nathanielborough, MD 44367"
47,Mr. Scott Mendez,"68212 Luis Trail Apt. 542
Markberg, MS 44095"
48,Andrew Daniels,"52431 Andrews Centers Apt. 320
Jacquelinechester, AR 75673"
49,Rachel Cook,"96828 Walker Fork
Kimberlyport, CO 94744"
50,Stacey Harvey,"37371 Baker Meadow Suite 611
Meaganfort, NC 67028"
51,Crystal White,"462 Fischer Gateway Suite 992
East Denise, WV 91012"
52,Emily Mooney,"4642 Martinez Inlet
South Sierraville, IN 39928"
53,Jared Phillips,"3399 Brown Inlet Apt. 615
Lake Sherry, MN 28846"
54,Julie Johns,"353 Bryan Trail
Brownbury, RI 08770"
55,Dorothy Mcconnell,"907 Billy Inlet Apt. 404
Sarahside, DE 63616"
56,Calvin Tate,"0208 Steven Island Apt. 652
Ashleyborough, KY 65005"
57,Robert Moore,"2667 Hurst Glens
Evansmouth, CT 65442"
58,Edward Salazar,"PSC 5135, Box 0649
APO AE 41953"
59,James Parsons,"38846 Oneill Plaza
Williamsview, UT 39523"
60,William Cruz,"57996 Brewer Mall
Taylorton, NV 32605"
61,Steven Miller,"2167 Green Corners Apt. 813
New Carolton, MS 37864"
62,Philip Rogers,"615 Rhodes View Apt. 965
West Melissa, GA 48903"
63,Sean Ray,"4038 Hayes Fields Suite 078
Beanshire, HI 96376"
64,John Mcclure,"08434 Sheila Extension
Katherinehaven, WV 94262"
65,Annette Riddle,"173 Larsen Greens
East Alvin, KS 84820"
66,Daniel Smith,"5782 Oneal Shoal Apt. 427
North Alan, NY 21225"
67,Eric Glass,"7145 Sarah Lake Suite 284
Port Karen, VA 25293"
68,John Ritter,"16760 Mark Parkway
Michaelchester, HI 31826"
69,Arthur Smith,"0086 Jennifer Port
Briggsbury, MH 58959"
70,James Riddle,"USCGC Estrada
FPO AA 02890"
71,Willie Nelson,"2138 Hill Course
Maryburgh, PR 93392"
72,Tyler Cruz,"PSC 6942, Box 9344
APO AE 13848"
73,Valerie Rivera,"171 Kenneth Fort
Johnsonhaven, MH 04551"
74,Timothy Morris,"1929 Clark Garden Suite 818
South Alexisstad, DE 64891"
75,Melanie Gilbert,"24328 Justin Glens Suite 271
New David, VT 59493"
76,Jaclyn Ryan,"PSC 4988, Box 4107
APO AP 43570"
77,Stephen Brown,"10069 Beard Spurs Suite 308
North Jody, MA 32999"
78,Brenda Fisher,"9922 Ryan Crest Apt. 861
South Mary, DC 12172"
79,Susan Williams,"0011 Miller Mall
New Raymond, FL 27314"
80,Jessica Garcia,"USS Crane
FPO AA 25486"
81,Megan Shields,"PSC 8040, Box 2402
APO AE 86098"
82,Marcus Kirby,"USNV Alexander
FPO AP 78105"
83,Susan Davis,"50140 Ashley Vista Suite 798
Gregoryport, MT 54802"
84,Amanda Harris,"887 Jason Springs
East Crystal, OH 85366"
85,Denise Haley,"23520 White Motorway
West Monique, MN 48151"
86,Chad Brown,"42993 Taylor Point Suite 889
East David, VA 56759"
87,Theresa Phillips,"18668 Barnes Junction Apt. 452
Laraside, DE 62311"
88,Kelly Finley,"53573 Andrew Row
New Denise, FM 93636"
89,Edward Willis,"26339 Christina Ridges
Emilyborough, KS 17519"
90,Jason Cain,"447 Moyer Forks Apt. 646
Jillchester, AK 74001"
91,Mr. Robert Brown,"050 Carter Walk Apt. 051
South Miguel, OH 47188"
92,Haley Lynch,"02593 Alexander Green
Lake Richardbury, NH 91638"
93,Kimberly Kent,"8649 James Locks
Brooksmouth, PR 28154"
94,Crystal Wells,"631 Cooper Dale Suite 453
Port Madisonmouth, WY 15133"
95,Johnny Cole,"4872 Guzman Stream Apt. 134
Port Lisa, ID 13662"
96,Audrey Ford,"3219 Jennifer Pine Suite 061
West Tonya, WV 07892"
97,Mrs. Vicki Torres DVM,"701 Patrick Route Suite 199
Lake Anthony, NV 59392"
98,Jodi Wright,"03545 Jason Cape
Port James, NC 78034"
99,Jasmine Hamilton,"6290 Alexander Island
Lopezfurt, AL 90745"
